// General information: 
//  MT Manager version: 2021.2.0 
//  XDA version: 2021.2.0 build 6101 rev 111201 built on 2021-07-13
// Device information: 
//  DeviceId: 03682939
//  ProductCode: MTi-30-2A8G4
//  Firmware Version: 1.10.0
//  Hardware Version: 3.0.0
// Device settings: 
//  Filter Profile: general(39.16)
//  Option Flags: Orientation Smoother Disabled, Position/Velocity Smoother Disabled, Continuous Zero Rotation Update Disabled, AHS Disabled, ICC Disabled
// Coordinate system: ENU
PacketCounter	SampleTimeFine	Acc_X	Acc_Y	Acc_Z	Mag_X	Mag_Y	Mag_Z	VelInc_X	VelInc_Y	VelInc_Z	OriInc_q0	OriInc_q1	OriInc_q2	OriInc_q3	Quat_q0	Quat_q1	Quat_q2	Quat_q3	Roll	Pitch	Yaw	Mat[1][1]	Mat[2][1]	Mat[3][1]	Mat[1][2]	Mat[2][2]	Mat[3][2]	Mat[1][3]	Mat[2][3]	Mat[3][3]
54740	89867209	0.288569	-0.300950	9.515519				0.000721	-0.000742	0.023789	1.000000	-0.000215	-0.000000	-0.000140	0.683303	0.009201	-0.011067	0.729993	-0.205450	-1.636443	93.787211	-0.066024	0.997409	0.028557	-0.997817	-0.065949	-0.003584	-0.001692	-0.028732	0.999586
54741	89867234	0.309151	-0.232209	9.505844	0.372895	-0.024420	-0.938459	0.000773	-0.000569	0.023765	1.000000	-0.000249	0.000013	-0.000141	0.683408	0.009023	-0.011239	0.729894	-0.233469	-1.635070	93.771061	-0.065743	0.997428	0.028533	-0.997834	-0.065653	-0.004073	-0.002189	-0.028739	0.999584
54742	89867259	0.324282	-0.160630	9.535911				0.000810	-0.000389	0.023840	1.000000	-0.000275	-0.000010	-0.000192	0.683551	0.008845	-0.011445	0.729759	-0.264397	-1.636325	93.749031	-0.065359	0.997453	0.028555	-0.997858	-0.065254	-0.004613	-0.002738	-0.028796	0.999581
54743	89867284	0.335824	-0.056735	9.545287				0.000840	-0.000129	0.023863	1.000000	-0.000275	0.000012	-0.000197	0.683632	0.008752	-0.011525	0.729683	-0.278197	-1.634894	93.736436	-0.065140	0.997468	0.028530	-0.997872	-0.065028	-0.004853	-0.002986	-0.028786	0.999581
54744	89867309	0.321694	0.055839	9.544867				0.000806	0.000154	0.023862	1.000000	-0.000309	0.000026	-0.000206	0.683786	0.008524	-0.011731	0.729539	-0.312981	-1.632024	93.712764	-0.064728	0.997496	0.028480	-0.997896	-0.064598	-0.005460	-0.003607	-0.028774	0.999579
54745	89867334	0.328562	0.141261	9.551514	0.372793	-0.020485	-0.939356	0.000822	0.000366	0.023879	1.000000	-0.000275	0.000016	-0.000225	0.683953	0.008326	-0.011919	0.729381	-0.343786	-1.630291	93.686958	-0.064279	0.997526	0.028450	-0.997923	-0.064133	-0.005998	-0.004158	-0.028777	0.999577
54746	89867359	0.376815	0.251009	9.539194				0.000944	0.000641	0.023848	1.000000	-0.000287	0.000038	-0.000217	0.684114	0.008105	-0.012100	0.729230	-0.375947	-1.626066	93.662049	-0.063845	0.997556	0.028376	-0.997948	-0.063684	-0.006559	-0.004736	-0.028737	0.999576
54747	89867384	0.368321	0.331732	9.558117				0.000924	0.000842	0.023895	1.000000	-0.000278	0.000054	-0.000199	0.684237	0.007945	-0.012280	0.729113	-0.403159	-1.626882	93.642913	-0.063512	0.997577	0.028391	-0.997967	-0.063337	-0.007034	-0.005218	-0.028780	0.999572
54748	89867409	0.367098	0.400637	9.589440				0.000921	0.001014	0.023973	1.000000	-0.000272	0.000052	-0.000165	0.684360	0.007723	-0.012441	0.728997	-0.433804	-1.621041	93.623971	-0.063183	0.997601	0.028289	-0.997985	-0.062992	-0.007568	-0.005768	-0.028710	0.999571
54749	89867434	0.370605	0.500448	9.612494	0.373205	-0.018528	-0.940297	0.000930	0.001263	0.024030	1.000000	-0.000264	0.000060	-0.000167	0.684485	0.007501	-0.012591	0.728880	-0.463480	-1.614351	93.604761	-0.062848	0.997625	0.028172	-0.998003	-0.062644	-0.008086	-0.006302	-0.028624	0.999570
54750	89867459	0.366633	0.552021	9.641104				0.000921	0.001391	0.024102	1.000000	-0.000241	0.000073	-0.000154	0.684600	0.007285	-0.012716	0.728772	-0.490619	-1.606086	93.587033	-0.062540	0.997649	0.028028	-0.998019	-0.062322	-0.008559	-0.006793	-0.028508	0.999570
54751	89867484	0.430699	0.607659	9.681115				0.001080	0.001528	0.024202	1.000000	-0.000185	0.000068	-0.000115	0.684726	0.007129	-0.012850	0.728652	-0.513735	-1.603721	93.567439	-0.062199	0.997671	0.027987	-0.998038	-0.061970	-0.008963	-0.007208	-0.028489	0.999568
54752	89867509	0.470339	0.647649	9.679905				0.001181	0.001626	0.024199	1.000000	-0.000155	0.000101	-0.000097	0.684799	0.006950	-0.012893	0.728585	-0.531199	-1.592208	93.556251	-0.062004	0.997689	0.027786	-0.998047	-0.061769	-0.009267	-0.007530	-0.028306	0.999571
54753	89867534	0.487764	0.660389	9.711520	0.372734	-0.016544	-0.938769	0.001223	0.001658	0.024278	1.000000	-0.000140	0.000073	-0.000068	0.684850	0.006802	-0.012944	0.728537	-0.546987	-1.583884	93.548435	-0.061869	0.997701	0.027640	-0.998054	-0.061626	-0.009543	-0.007818	-0.028177	0.999572
54754	89867559	0.466918	0.670159	9.720917				0.001172	0.001679	0.024302	1.000000	-0.000073	0.000094	-0.000009	0.684858	0.006684	-0.012932	0.728531	-0.555295	-1.573067	93.547315	-0.061849	0.997708	0.027452	-0.998054	-0.061604	-0.009688	-0.007975	-0.027998	0.999576
54755	89867584	0.462945	0.658144	9.764812				0.001161	0.001649	0.024412	1.000000	-0.000067	0.000082	0.000002	0.684959	0.006505	-0.013051	0.728436	-0.578983	-1.567569	93.531737	-0.061578	0.997727	0.027356	-0.998067	-0.061322	-0.010101	-0.008401	-0.027925	0.999575
54756	89867609	0.454484	0.659978	9.785285				0.001141	0.001651	0.024463	1.000000	-0.000018	0.000094	0.000042	0.684930	0.006424	-0.013000	0.728465	-0.581160	-1.556757	93.536397	-0.061660	0.997727	0.027167	-0.998061	-0.061404	-0.010139	-0.008448	-0.027740	0.999579
54757	89867634	0.445037	0.641252	9.825045	0.373695	-0.016066	-0.938258	0.001117	0.001603	0.024562	1.000000	0.000004	0.000092	0.000070	0.684880	0.006358	-0.012934	0.728513	-0.580968	-1.546101	93.544315	-0.061798	0.997724	0.026981	-0.998053	-0.061544	-0.010136	-0.008452	-0.027555	0.999585
54758	89867659	0.409017	0.582034	9.852400				0.001027	0.001453	0.024631	1.000000	0.000054	0.000103	0.000090	0.684815	0.006319	-0.012825	0.728576	-0.575020	-1.534184	93.554508	-0.061976	0.997718	0.026773	-0.998043	-0.061727	-0.010032	-0.008357	-0.027343	0.999591
54759	89867684	0.400366	0.533645	9.884018				0.001005	0.001331	0.024710	1.000000	0.000069	0.000086	0.000124	0.684792	0.006248	-0.012804	0.728599	-0.578962	-1.526595	93.558245	-0.062041	0.997718	0.026641	-0.998038	-0.061791	-0.010101	-0.008432	-0.027215	0.999594
54760	89867709	0.403493	0.496040	9.896523				0.001012	0.001237	0.024741	1.000000	0.000077	0.000082	0.000130	0.684698	0.006239	-0.012693	0.728690	-0.570541	-1.517067	93.573111	-0.062300	0.997706	0.026475	-0.998023	-0.062056	-0.009954	-0.008288	-0.027043	0.999600
54761	89867734	0.427034	0.446189	9.921492	0.374158	-0.016076	-0.938750	0.001071	0.001108	0.024804	1.000000	0.000149	0.000080	0.000148	0.684590	0.006281	-0.012530	0.728794	-0.553870	-1.507690	93.590003	-0.062594	0.997692	0.026311	-0.998007	-0.062359	-0.009663	-0.008000	-0.026864	0.999607
54762	89867759	0.448531	0.376696	9.945176				0.001124	0.000934	0.024863	1.000000	0.000167	0.000066	0.000182	0.684457	0.006345	-0.012365	0.728921	-0.535307	-1.499975	93.610827	-0.062957	0.997673	0.026177	-0.997986	-0.062732	-0.009340	-0.007676	-0.026712	0.999613
54763	89867784	0.439605	0.304312	9.971426				0.001104	0.000751	0.024929	1.000000	0.000203	0.000098	0.000194	0.684378	0.006332	-0.012197	0.728998	-0.522480	-1.485670	93.623173	-0.063173	0.997666	0.025927	-0.997975	-0.062955	-0.009116	-0.007462	-0.026450	0.999622
54764	89867809	0.466324	0.241705	9.992393				0.001170	0.000594	0.024981	1.000000	0.000217	0.000082	0.000200	0.684232	0.006419	-0.011983	0.729138	-0.498165	-1.476034	93.646034	-0.063571	0.997645	0.025759	-0.997952	-0.063366	-0.008692	-0.007039	-0.026259	0.999630
54765	89867834	0.495983	0.177416	10.005158	0.375136	-0.018064	-0.939287	0.001243	0.000433	0.025013	1.000000	0.000214	0.000058	0.000210	0.684078	0.006520	-0.011789	0.729285	-0.474225	-1.469163	93.670107	-0.063990	0.997621	0.025639	-0.997928	-0.063797	-0.008274	-0.006619	-0.026115	0.999637
54766	89867859	0.520351	0.116278	9.972591				0.001303	0.000279	0.024932	1.000000	0.000253	0.000046	0.000209	0.683924	0.006658	-0.011574	0.729431	-0.445806	-1.463749	93.694083	-0.064408	0.997596	0.025544	-0.997904	-0.064229	-0.007778	-0.006119	-0.025992	0.999643
54767	89867884	0.507870	0.048676	9.972755				0.001272	0.000109	0.024932	1.000000	0.000256	0.000040	0.000200	0.683791	0.006753	-0.011400	0.729557	-0.424098	-1.457998	93.714696	-0.064767	0.997576	0.025444	-0.997884	-0.064598	-0.007399	-0.005738	-0.025870	0.999649
54768	89867909	0.497013	-0.025583	9.964685				0.001244	-0.000076	0.024912	1.000000	0.000256	0.000038	0.000210	0.683637	0.006898	-0.011189	0.729704	-0.395338	-1.453435	93.738730	-0.065186	0.997550	0.025365	-0.997859	-0.065030	-0.006898	-0.005231	-0.025760	0.999654
54769	89867934	0.484151	-0.048568	9.937247	0.376170	-0.021525	-0.938868	0.001211	-0.000135	0.024843	1.000000	0.000279	0.000017	0.000231	0.683466	0.007073	-0.010975	0.729865	-0.364042	-1.451303	93.765235	-0.065647	0.997521	0.025327	-0.997832	-0.065506	-0.006352	-0.004677	-0.025689	0.999659
54770	89867959	0.439411	-0.122724	9.916614				0.001100	-0.000318	0.024791	1.000000	0.000228	0.000022	0.000197	0.683321	0.007211	-0.010795	0.730002	-0.338462	-1.448659	93.787821	-0.066040	0.997496	0.025281	-0.997808	-0.065911	-0.005905	-0.004224	-0.025616	0.999662
54771	89867984	0.407985	-0.158579	9.875352				0.001020	-0.000406	0.024688	1.000000	0.000210	0.000006	0.000208	0.683153	0.007373	-0.010594	0.730161	-0.309300	-1.446346	93.813912	-0.066495	0.997467	0.025241	-0.997780	-0.066379	-0.005397	-0.003707	-0.025544	0.999667
54772	89868009	0.407465	-0.201776	9.865896				0.001018	-0.000514	0.024665	1.000000	0.000201	-0.000013	0.000195	0.683009	0.007517	-0.010458	0.730296	-0.286871	-1.447740	93.836241	-0.066884	0.997441	0.025265	-0.997755	-0.066778	-0.005005	-0.003305	-0.025543	0.999668
54773	89868034	0.452032	-0.240715	9.790890	0.376201	-0.023990	-0.939421	0.001130	-0.000610	0.024477	1.000000	0.000178	-0.000004	0.000171	0.682883	0.007640	-0.010331	0.730414	-0.266937	-1.448075	93.855820	-0.067224	0.997418	0.025271	-0.997733	-0.067128	-0.004657	-0.002949	-0.025527	0.999670
54774	89868059	0.511382	-0.265917	9.741975				0.001277	-0.000671	0.024355	1.000000	0.000146	-0.000028	0.000177	0.682752	0.007759	-0.010245	0.730537	-0.250734	-1.451228	93.876191	-0.067579	0.997392	0.025326	-0.997710	-0.067489	-0.004375	-0.002654	-0.025564	0.999669
54775	89868084	0.507134	-0.332332	9.725708				0.001266	-0.000836	0.024314	1.000000	0.000107	-0.000034	0.000152	0.682620	0.007899	-0.010088	0.730662	-0.226782	-1.450618	93.896721	-0.067936	0.997368	0.025315	-0.997687	-0.067858	-0.003957	-0.002229	-0.025526	0.999672
54776	89868109	0.493092	-0.368142	9.685928				0.001232	-0.000924	0.024215	1.000000	0.000081	-0.000018	0.000133	0.682521	0.007966	-0.010041	0.730753	-0.217857	-1.452588	93.912028	-0.068203	0.997349	0.025350	-0.997669	-0.068128	-0.003801	-0.002064	-0.025550	0.999671
54777	89868134	0.518751	-0.427410	9.653360	0.375288	-0.025448	-0.938966	0.001296	-0.001070	0.024133	1.000000	0.000040	-0.000027	0.000111	0.682439	0.008012	-0.010031	0.730829	-0.213549	-1.455618	93.924773	-0.068425	0.997333	0.025403	-0.997654	-0.068352	-0.003726	-0.001980	-0.025598	0.999670
54778	89868159	0.511437	-0.441479	9.602590				0.001276	-0.001104	0.024007	1.000000	0.000015	-0.000053	0.000097	0.682368	0.008060	-0.010057	0.730895	-0.212100	-1.461598	93.935902	-0.068618	0.997317	0.025507	-0.997641	-0.068546	-0.003701	-0.001942	-0.025701	0.999668
54779	89868184	0.491715	-0.454437	9.527068				0.001228	-0.001135	0.023818	1.000000	-0.000009	-0.000034	0.000099	0.682230	0.008174	-0.009966	0.731024	-0.195898	-1.463986	93.957358	-0.068991	0.997290	0.025549	-0.997616	-0.068926	-0.003418	-0.001648	-0.025723	0.999668
54780	89868209	0.475048	-0.473942	9.447458				0.001186	-0.001184	0.023619	1.000000	-0.000020	-0.000027	0.000056	0.682189	0.008179	-0.009999	0.731062	-0.198352	-1.467028	93.963801	-0.069103	0.997281	0.025602	-0.997608	-0.069037	-0.003461	-0.001684	-0.025780	0.999666
54781	89868234	0.432197	-0.486578	9.410189	0.375320	-0.026430	-0.938494	0.001080	-0.001217	0.023525	1.000000	0.000017	-0.000021	0.000062	0.682143	0.008206	-0.010001	0.731105	-0.196546	-1.469391	93.970941	-0.069228	0.997271	0.025643	-0.997600	-0.069162	-0.003429	-0.001646	-0.025819	0.999665
54782	89868259	0.382256	-0.511880	9.403080				0.000956	-0.001280	0.023508	1.000000	0.000008	0.000004	0.000036	0.682117	0.008208	-0.009993	0.731129	-0.195726	-1.468910	93.975047	-0.069299	0.997267	0.025635	-0.997595	-0.069234	-0.003415	-0.001631	-0.025809	0.999666
54783	89868284	0.342378	-0.487150	9.391752				0.000857	-0.001217	0.023479	1.000000	-0.000017	0.000020	0.000035	0.682040	0.008252	-0.010015	0.731200	-0.194341	-1.474328	93.986999	-0.069507	0.997250	0.025729	-0.997580	-0.069443	-0.003391	-0.001595	-0.025902	0.999663
54784	89868309	0.340911	-0.476401	9.360179				0.000855	-0.001191	0.023400	1.000000	-0.000005	0.000054	0.000007	0.682035	0.008209	-0.009982	0.731205	-0.194907	-1.468179	93.987797	-0.069521	0.997251	0.025622	-0.997579	-0.069457	-0.003401	-0.001612	-0.025796	0.999666
54785	89868334	0.313380	-0.451028	9.364022	0.374857	-0.026420	-0.938001	0.000786	-0.001129	0.023410	1.000000	0.000022	0.000057	-0.000037	0.682063	0.008183	-0.009927	0.731180	-0.192273	-1.461661	93.983519	-0.069447	0.997259	0.025508	-0.997584	-0.069384	-0.003355	-0.001576	-0.025679	0.999669
54786	89868359	0.306993	-0.402925	9.354235				0.000771	-0.001007	0.023385	1.000000	-0.000012	0.000085	-0.000060	0.682108	0.008113	-0.009878	0.731140	-0.193512	-1.451927	93.976607	-0.069327	0.997272	0.025338	-0.997593	-0.069263	-0.003376	-0.001612	-0.025511	0.999673
54787	89868384	0.333352	-0.343255	9.325427				0.000838	-0.000859	0.023313	1.000000	0.000010	0.000104	-0.000081	0.682091	0.008141	-0.009829	0.731156	-0.187242	-1.450556	93.979194	-0.069372	0.997270	0.025314	-0.997590	-0.069311	-0.003267	-0.001503	-0.025480	0.999674
54788	89868409	0.398598	-0.288391	9.333939				0.001001	-0.000721	0.023335	1.000000	-0.000007	0.000109	-0.000075	0.682147	0.008057	-0.009759	0.731106	-0.187867	-1.438045	93.970528	-0.069222	0.997286	0.025096	-0.997600	-0.069161	-0.003278	-0.001533	-0.025263	0.999680
54789	89868434	0.412674	-0.225022	9.336565	0.375320	-0.026430	-0.938494	0.001036	-0.000561	0.023341	1.000000	-0.000028	0.000106	-0.000102	0.682223	0.007962	-0.009707	0.731037	-0.190781	-1.425993	93.958796	-0.069018	0.997305	0.024886	-0.997614	-0.068956	-0.003329	-0.001604	-0.025056	0.999685
54790	89868459	0.412413	-0.172250	9.347411				0.001038	-0.000430	0.023368	1.000000	-0.000010	0.000159	-0.000095	0.682293	0.007839	-0.009605	0.730973	-0.191712	-1.407763	93.947896	-0.068828	0.997326	0.024568	-0.997627	-0.068767	-0.003345	-0.001647	-0.024740	0.999692
54791	89868484	0.404134	-0.110711	9.386932				0.001019	-0.000274	0.023467	1.000000	-0.000057	0.000184	-0.000087	0.682327	0.007744	-0.009563	0.730943	-0.195572	-1.396524	93.942729	-0.068739	0.997337	0.024372	-0.997633	-0.068676	-0.003412	-0.001730	-0.024548	0.999697
54792	89868509	0.396235	-0.083485	9.456744				0.001000	-0.000207	0.023641	1.000000	-0.000048	0.000193	-0.000094	0.682398	0.007571	-0.009465	0.730880	-0.200764	-1.374407	93.931913	-0.068551	0.997359	0.023986	-0.997646	-0.068486	-0.003503	-0.001851	-0.024169	0.999706
54793	89868534	0.399748	-0.084549	9.508901	0.376750	-0.025468	-0.937969	0.001009	-0.000209	0.023772	1.000000	-0.000047	0.000210	-0.000121	0.682488	0.007387	-0.009355	0.730799	-0.205794	-1.350363	93.918012	-0.068310	0.997385	0.023566	-0.997662	-0.068244	-0.003591	-0.001973	-0.023756	0.999716
54794	89868559	0.400077	-0.052206	9.559557				0.001011	-0.000128	0.023898	1.000000	-0.000066	0.000220	-0.000133	0.682588	0.007182	-0.009252	0.730709	-0.212997	-1.325178	93.902647	-0.068043	0.997414	0.023127	-0.997680	-0.067975	-0.003716	-0.002135	-0.023326	0.999725
54795	89868584	0.354495	-0.035053	9.626386				0.000897	-0.000085	0.024066	1.000000	-0.000065	0.000220	-0.000122	0.682645	0.007085	-0.009140	0.730659	-0.211088	-1.308243	93.893869	-0.067891	0.997431	0.022831	-0.997690	-0.067824	-0.003683	-0.002125	-0.023028	0.999733
54796	89868609	0.321844	0.011785	9.702825				0.000816	0.000032	0.024257	1.000000	-0.000052	0.000238	-0.000123	0.682738	0.006876	-0.009015	0.730576	-0.216759	-1.281053	93.879642	-0.067644	0.997459	0.022357	-0.997707	-0.067576	-0.003782	-0.002262	-0.022561	0.999743
54797	89868634	0.278959	0.051669	9.754496	0.378642	-0.024516	-0.937936	0.000708	0.000132	0.024386	1.000000	-0.000056	0.000213	-0.000103	0.682815	0.006684	-0.008910	0.730506	-0.222904	-1.256747	93.867703	-0.067436	0.997482	0.021933	-0.997720	-0.067367	-0.003889	-0.002402	-0.022145	0.999752
54798	89868659	0.287663	0.104321	9.765366				0.000729	0.000264	0.024413	1.000000	-0.000065	0.000200	-0.000124	0.682908	0.006495	-0.008819	0.730422	-0.230005	-1.233867	93.853377	-0.067188	0.997508	0.021533	-0.997737	-0.067116	-0.004013	-0.002558	-0.021754	0.999760
54799	89868684	0.278618	0.126217	9.828324				0.000706	0.000318	0.024571	1.000000	-0.000052	0.000192	-0.000120	0.682999	0.006329	-0.008702	0.730340	-0.232966	-1.210858	93.839315	-0.066943	0.997533	0.021132	-0.997753	-0.066872	-0.004065	-0.002642	-0.021357	0.999768
54800	89868709	0.319467	0.176798	9.851785				0.000809	0.000444	0.024629	1.000000	-0.000052	0.000207	-0.000134	0.683099	0.006143	-0.008598	0.730249	-0.238631	-1.187163	93.823844	-0.066675	0.997559	0.020718	-0.997771	-0.066602	-0.004164	-0.002774	-0.020950	0.999776
54801	89868734	0.298530	0.208671	9.878965	0.380075	-0.024541	-0.937929	0.000756	0.000524	0.024697	1.000000	-0.000060	0.000202	-0.000105	0.683178	0.005956	-0.008503	0.730178	-0.245276	-1.164099	93.811772	-0.066465	0.997582	0.020316	-0.997784	-0.066391	-0.004280	-0.002921	-0.020555	0.999784
54802	89868759	0.300097	0.269269	9.882908				0.000761	0.000677	0.024707	1.000000	-0.000073	0.000211	-0.000109	0.683260	0.005753	-0.008412	0.730104	-0.253395	-1.140028	93.799149	-0.066245	0.997604	0.019896	-0.997798	-0.066170	-0.004422	-0.003095	-0.020145	0.999792
54803	89868784	0.278467	0.298130	9.900496				0.000704	0.000751	0.024751	1.000000	-0.000118	0.000147	-0.000113	0.683349	0.005604	-0.008388	0.730022	-0.262923	-1.125714	93.785316	-0.066005	0.997626	0.019646	-0.997814	-0.065927	-0.004588	-0.003282	-0.019906	0.999796
54804	89868809	0.260300	0.291248	9.920967				0.000660	0.000734	0.024802	1.000000	-0.000116	0.000193	-0.000079	0.683409	0.005385	-0.008340	0.729969	-0.275987	-1.103652	93.776217	-0.065847	0.997644	0.019261	-0.997823	-0.065766	-0.004816	-0.003538	-0.019536	0.999803
54805	89868834	0.279012	0.332793	9.920977	0.380586	-0.025532	-0.937455	0.000705	0.000839	0.024802	1.000000	-0.000153	0.000156	-0.000087	0.683474	0.005168	-0.008345	0.729908	-0.293310	-1.085877	93.766136	-0.065672	0.997661	0.018951	-0.997834	-0.065586	-0.005118	-0.003863	-0.019246	0.999807
54806	89868859	0.248500	0.351145	9.949515				0.000630	0.000887	0.024873	1.000000	-0.000184	0.000166	-0.000073	0.683530	0.004921	-0.008366	0.729858	-0.314288	-1.066869	93.757714	-0.065526	0.997677	0.018619	-0.997842	-0.065434	-0.005484	-0.004253	-0.018938	0.999811
54807	89868884	0.219846	0.346676	9.982265				0.000558	0.000876	0.024955	1.000000	-0.000182	0.000165	-0.000082	0.683613	0.004746	-0.008263	0.729783	-0.319291	-1.044286	93.744851	-0.065303	0.997699	0.018225	-0.997856	-0.065211	-0.005572	-0.004370	-0.018550	0.999818
54808	89868909	0.224945	0.337362	10.012499				0.000572	0.000853	0.025031	1.000000	-0.000197	0.000189	-0.000042	0.683646	0.004474	-0.008278	0.729753	-0.341757	-1.022698	93.739909	-0.065217	0.997712	0.017848	-0.997860	-0.065120	-0.005964	-0.004788	-0.018199	0.999823
54809	89868934	0.237105	0.350176	10.008412	0.380578	-0.023558	-0.936419	0.000602	0.000883	0.025021	1.000000	-0.000157	0.000183	-0.000055	0.683688	0.004234	-0.008267	0.729715	-0.359579	-1.001787	93.733508	-0.065106	0.997725	0.017484	-0.997865	-0.065005	-0.006275	-0.005124	-0.017855	0.999827
54810	89868959	0.252476	0.324995	10.014066				0.000639	0.000819	0.025035	1.000000	-0.000138	0.000158	-0.000022	0.683706	0.004025	-0.008259	0.729700	-0.375313	-0.983690	93.730887	-0.065061	0.997733	0.017168	-0.997866	-0.064956	-0.006549	-0.005419	-0.017557	0.999831
54811	89868984	0.247299	0.300017	10.037419				0.000627	0.000754	0.025093	1.000000	-0.000077	0.000167	0.000005	0.683735	0.003838	-0.008219	0.729674	-0.386587	-0.964892	93.726411	-0.064983	0.997744	0.016840	-0.997870	-0.064877	-0.006746	-0.005638	-0.017242	0.999835
54812	89869009	0.275395	0.240397	10.048756				0.000696	0.000603	0.025122	1.000000	-0.000037	0.000146	0.000005	0.683733	0.003706	-0.008147	0.729677	-0.390866	-0.948210	93.726872	-0.064991	0.997749	0.016549	-0.997869	-0.064886	-0.006821	-0.005732	-0.016957	0.999840
54813	89869034	0.289046	0.235796	10.040627	0.383448	-0.024594	-0.936923	0.000730	0.000588	0.025101	1.000000	0.000024	0.000152	0.000025	0.683716	0.003611	-0.008025	0.729695	-0.388139	-0.930771	93.729620	-0.065039	0.997750	0.016244	-0.997866	-0.064937	-0.006773	-0.005703	-0.016650	0.999845
54814	89869059	0.265173	0.229043	10.019896				0.000670	0.000569	0.025050	1.000000	0.000068	0.000135	0.000045	0.683684	0.003559	-0.007884	0.729727	-0.380413	-0.915308	93.734637	-0.065127	0.997749	0.015974	-0.997861	-0.065028	-0.006639	-0.005585	-0.016373	0.999850
54815	89869084	0.283151	0.184341	10.031136				0.000716	0.000454	0.025078	1.000000	0.000134	0.000154	0.000041	0.683699	0.003406	-0.007804	0.729715	-0.385810	-0.896271	93.732417	-0.065089	0.997757	0.015642	-0.997863	-0.064990	-0.006733	-0.005701	-0.016047	0.999855
54816	89869109	0.280002	0.122669	10.029944				0.000708	0.000298	0.025075	1.000000	0.000183	0.000168	0.000011	0.683692	0.003408	-0.007556	0.729724	-0.364838	-0.876964	93.733510	-0.065108	0.997761	0.015305	-0.997864	-0.065017	-0.006367	-0.005357	-0.015687	0.999863
54817	89869134	0.276360	0.068014	10.061665	0.384017	-0.025576	-0.934470	0.000700	0.000159	0.025154	1.000000	0.000226	0.000173	0.000034	0.683667	0.003436	-0.007272	0.729749	-0.338997	-0.857075	93.737269	-0.065174	0.997762	0.014958	-0.997862	-0.065092	-0.005916	-0.004929	-0.015312	0.999871
54818	89869159	0.289566	0.051204	10.059037				0.000730	0.000114	0.025147	1.000000	0.000274	0.000123	0.000046	0.683634	0.003533	-0.006989	0.729783	-0.307700	-0.843006	93.742429	-0.065264	0.997759	0.014713	-0.997858	-0.065191	-0.005370	-0.004399	-0.015032	0.999877
54819	89869184	0.274884	0.011063	10.089272				0.000693	0.000012	0.025223	1.000000	0.000315	0.000117	0.000024	0.683612	0.003538	-0.006811	0.729805	-0.292437	-0.829476	93.745883	-0.065325	0.997759	0.014477	-0.997856	-0.065257	-0.005103	-0.004147	-0.014779	0.999882
54820	89869209	0.231568	-0.004547	10.089019				0.000586	-0.000027	0.025222	1.000000	0.000315	0.000150	0.000004	0.683609	0.003645	-0.006479	0.729811	-0.256342	-0.812333	93.746285	-0.065332	0.997763	0.014177	-0.997857	-0.065275	-0.004474	-0.003538	-0.014439	0.999890
54821	89869234	0.218110	-0.006063	10.105383	0.384971	-0.027074	-0.935490	0.000552	-0.000031	0.025263	1.000000	0.000320	0.000135	-0.000008	0.683614	0.003765	-0.006152	0.729808	-0.219620	-0.796848	93.745335	-0.065316	0.997768	0.013907	-0.997860	-0.065268	-0.003833	-0.002916	-0.014128	0.999896
54822	89869259	0.200159	0.021581	10.103796				0.000506	0.000040	0.025259	1.000000	0.000282	0.000111	-0.000003	0.683616	0.003877	-0.005871	0.729808	-0.187252	-0.784142	93.744936	-0.065309	0.997771	0.013685	-0.997862	-0.065270	-0.003268	-0.002367	-0.013870	0.999901
54823	89869284	0.231653	0.030565	10.069679				0.000584	0.000065	0.025174	1.000000	0.000222	0.000092	-0.000045	0.683607	0.003972	-0.005634	0.729818	-0.160052	-0.773550	93.746272	-0.065332	0.997772	0.013501	-0.997862	-0.065300	-0.002793	-0.001905	-0.013654	0.999905
54824	89869309	0.287428	0.028746	10.074186				0.000723	0.000062	0.025185	1.000000	0.000200	0.000083	-0.000031	0.683629	0.004048	-0.005431	0.729798	-0.137129	-0.763991	93.742694	-0.065270	0.997778	0.013334	-0.997866	-0.065244	-0.002393	-0.001518	-0.013462	0.999908
54825	89869334	0.271499	0.077647	10.075289	0.384975	-0.028061	-0.936008	0.000684	0.000187	0.025188	1.000000	0.000136	0.000095	-0.000046	0.683663	0.004071	-0.005266	0.729768	-0.121472	-0.753061	93.737384	-0.065177	0.997787	0.013143	-0.997873	-0.065155	-0.002120	-0.001259	-0.013253	0.999911
54826	89869359	0.316640	0.071035	10.085212				0.000795	0.000174	0.025213	1.000000	0.000073	0.000061	-0.000038	0.683690	0.004077	-0.005171	0.729742	-0.113027	-0.746105	93.733049	-0.065102	0.997793	0.013022	-0.997878	-0.065082	-0.001973	-0.001121	-0.013122	0.999913
54827	89869384	0.305588	0.080031	10.096080				0.000767	0.000199	0.025240	1.000000	0.000024	0.000066	-0.000067	0.683707	0.004177	-0.004911	0.729728	-0.083419	-0.734102	93.730218	-0.065053	0.997800	0.012812	-0.997882	-0.065040	-0.001456	-0.000619	-0.012880	0.999917
54828	89869409	0.321535	0.115815	10.052182				0.000807	0.000291	0.025130	1.000000	-0.000028	0.000057	-0.000089	0.683773	0.004117	-0.004892	0.729667	-0.086516	-0.727561	93.720049	-0.064876	0.997813	0.012698	-0.997893	-0.064862	-0.001510	-0.000683	-0.012769	0.999918
54829	89869434	0.342277	0.133274	10.034429	0.384975	-0.028061	-0.936008	0.000857	0.000336	0.025086	1.000000	-0.000063	0.000016	-0.000052	0.683810	0.004062	-0.004927	0.729632	-0.093630	-0.725691	93.714145	-0.064774	0.997820	0.012665	-0.997900	-0.064758	-0.001634	-0.000810	-0.012745	0.999919
54830	89869459	0.343579	0.134155	10.016611				0.000861	0.000340	0.025041	1.000000	-0.000098	0.000036	-0.000058	0.683853	0.003969	-0.004974	0.729592	-0.104802	-0.721632	93.707533	-0.064659	0.997828	0.012595	-0.997907	-0.064641	-0.001829	-0.001011	-0.012686	0.999919
54831	89869484	0.372916	0.128744	9.960585				0.000932	0.000329	0.024901	1.000000	-0.000137	-0.000008	-0.000046	0.683866	0.004006	-0.004926	0.729580	-0.097977	-0.720956	93.705441	-0.064622	0.997830	0.012583	-0.997909	-0.064605	-0.001710	-0.000893	-0.012667	0.999919
54832	89869509	0.357713	0.145992	9.934380				0.000895	0.000371	0.024836	1.000000	-0.000126	0.000019	-0.000042	0.683897	0.003906	-0.005005	0.729551	-0.112309	-0.718814	93.700642	-0.064538	0.997836	0.012545	-0.997914	-0.064519	-0.001960	-0.001146	-0.012646	0.999919
54833	89869534	0.339207	0.125313	9.900030	0.385926	-0.027091	-0.935485	0.000850	0.000319	0.024750	1.000000	-0.000123	0.000030	-0.000048	0.683933	0.003800	-0.005074	0.729517	-0.126366	-0.715361	93.695088	-0.064441	0.997843	0.012485	-0.997920	-0.064419	-0.002205	-0.001396	-0.012601	0.999919
54834	89869559	0.325345	0.125088	9.847793				0.000812	0.000318	0.024619	1.000000	-0.000109	-0.000020	-0.000029	0.683955	0.003740	-0.005167	0.729496	-0.138807	-0.717662	93.691752	-0.064383	0.997846	0.012525	-0.997924	-0.064358	-0.002422	-0.001611	-0.012655	0.999918
54835	89869584	0.313209	0.131649	9.795569				0.000783	0.000333	0.024489	1.000000	-0.000083	0.000001	-0.000026	0.683989	0.003675	-0.005171	0.729464	-0.144196	-0.712460	93.686362	-0.064290	0.997854	0.012434	-0.997930	-0.064263	-0.002517	-0.001712	-0.012570	0.999920
54836	89869609	0.328787	0.117158	9.744975				0.000823	0.000295	0.024362	1.000000	-0.000050	0.000013	-0.000015	0.684001	0.003631	-0.005198	0.729454	-0.149884	-0.710955	93.684609	-0.064259	0.997856	0.012408	-0.997932	-0.064232	-0.002616	-0.001813	-0.012551	0.999920
54837	89869634	0.348756	0.097402	9.687553	0.387855	-0.028109	-0.935499	0.000871	0.000245	0.024219	1.000000	-0.000023	-0.000017	-0.000034	0.684026	0.003628	-0.005226	0.729430	-0.152435	-0.712858	93.680662	-0.064191	0.997860	0.012441	-0.997936	-0.064162	-0.002660	-0.001856	-0.012586	0.999919
54838	89869659	0.366708	0.079121	9.660314				0.000917	0.000197	0.024151	1.000000	0.000025	0.000004	-0.000005	0.684030	0.003642	-0.005205	0.729426	-0.149613	-0.712452	93.680050	-0.064180	0.997861	0.012434	-0.997937	-0.064152	-0.002611	-0.001808	-0.012576	0.999919
54839	89869684	0.326242	0.088074	9.624343				0.000815	0.000217	0.024061	1.000000	0.000063	-0.000003	-0.000010	0.684049	0.003639	-0.005265	0.729408	-0.154829	-0.716835	93.677070	-0.064128	0.997863	0.012511	-0.997940	-0.064099	-0.002702	-0.001894	-0.012658	0.999918
54840	89869709	0.290341	0.059241	9.558352				0.000727	0.000144	0.023896	1.000000	0.000095	0.000032	0.000009	0.684042	0.003681	-0.005174	0.729415	-0.143911	-0.713219	93.678099	-0.064146	0.997863	0.012448	-0.997939	-0.064119	-0.002512	-0.001708	-0.012583	0.999919
54841	89869734	0.254046	0.044143	9.554036	0.386871	-0.028097	-0.936493	0.000636	0.000104	0.023885	1.000000	0.000137	0.000029	0.000015	0.684031	0.003754	-0.005054	0.729426	-0.128232	-0.709914	93.679758	-0.064175	0.997862	0.012390	-0.997938	-0.064152	-0.002238	-0.001438	-0.012508	0.999921
54842	89869759	0.235618	0.022428	9.537516				0.000590	0.000048	0.023844	1.000000	0.000163	0.000024	-0.000001	0.684031	0.003848	-0.004918	0.729426	-0.109511	-0.707164	93.679702	-0.064174	0.997862	0.012342	-0.997938	-0.064155	-0.001911	-0.001115	-0.012439	0.999922
54843	89869784	0.175790	0.022502	9.512440				0.000442	0.000049	0.023781	1.000000	0.000145	0.000058	-0.000007	0.684034	0.003849	-0.004878	0.729424	-0.106000	-0.704117	93.679275	-0.064167	0.997864	0.012289	-0.997939	-0.064149	-0.001850	-0.001058	-0.012382	0.999923
54844	89869809	0.178721	0.031728	9.472644				0.000450	0.000073	0.023682	1.000000	0.000136	0.000069	-0.000006	0.684038	0.003892	-0.004732	0.729421	-0.090424	-0.696242	93.678613	-0.064155	0.997866	0.012151	-0.997940	-0.064141	-0.001578	-0.000795	-0.012228	0.999925
54845	89869834	0.158196	0.032534	9.473877	0.385494	-0.029544	-0.935545	0.000399	0.000076	0.023685	1.000000	0.000112	0.000079	-0.000057	0.684079	0.003911	-0.004596	0.729383	-0.077539	-0.687186	93.672044	-0.064041	0.997875	0.011993	-0.997947	-0.064029	-0.001353	-0.000582	-0.012055	0.999927
54846	89869859	0.158956	0.080701	9.454523				0.000402	0.000197	0.023636	1.000000	0.000091	0.000095	-0.000062	0.684125	0.003905	-0.004464	0.729341	-0.066979	-0.676287	93.664915	-0.063917	0.997885	0.011803	-0.997955	-0.063907	-0.001169	-0.000412	-0.011854	0.999930
54847	89869884	0.139681	0.072987	9.436596				0.000355	0.000181	0.023591	1.000000	0.000033	0.000130	-0.000041	0.684104	0.003958	-0.004337	0.729361	-0.052174	-0.670806	93.668159	-0.063973	0.997883	0.011708	-0.997952	-0.063967	-0.000911	-0.000160	-0.011742	0.999931
54848	89869909	0.100168	0.065377	9.488470				0.000257	0.000164	0.023721	1.000000	-0.000007	0.000142	-0.000044	0.684136	0.003851	-0.004245	0.729332	-0.052871	-0.654592	93.663111	-0.063886	0.997892	0.011425	-0.997957	-0.063879	-0.000923	-0.000191	-0.011460	0.999934
54849	89869934	0.100554	0.090616	9.528159	0.386477	-0.031038	-0.935575	0.000259	0.000229	0.023820	1.000000	-0.000062	0.000151	-0.000063	0.684183	0.003698	-0.004187	0.729289	-0.059935	-0.637293	93.655861	-0.063759	0.997903	0.011123	-0.997965	-0.063752	-0.001046	-0.000335	-0.011167	0.999937
54850	89869959	0.065692	0.129040	9.571695				0.000172	0.000328	0.023929	1.000000	-0.000104	0.000161	-0.000078	0.684241	0.003510	-0.004152	0.729235	-0.071768	-0.618883	93.646872	-0.063603	0.997916	0.010801	-0.997975	-0.063593	-0.001253	-0.000563	-0.010859	0.999941
54851	89869984	0.076344	0.177434	9.623758				0.000199	0.000450	0.024059	1.000000	-0.000143	0.000171	-0.000063	0.684270	0.003494	-0.004031	0.729209	-0.062813	-0.608076	93.642390	-0.063525	0.997924	0.010613	-0.997980	-0.063517	-0.001096	-0.000420	-0.010661	0.999943
54852	89870009	0.060537	0.184044	9.677126				0.000162	0.000468	0.024193	1.000000	-0.000159	0.000220	-0.000074	0.684325	0.003225	-0.003996	0.729159	-0.080938	-0.582853	93.633935	-0.063378	0.997937	0.010173	-0.997989	-0.063367	-0.001413	-0.000765	-0.010242	0.999947
54853	89870034	0.099798	0.240133	9.741697	0.387836	-0.028606	-0.936500	0.000260	0.000608	0.024354	1.000000	-0.000168	0.000211	-0.000066	0.684374	0.002957	-0.003973	0.729114	-0.100062	-0.558701	93.626383	-0.063247	0.997950	0.009751	-0.997997	-0.063233	-0.001746	-0.001126	-0.009842	0.999951
54854	89870059	0.124320	0.287598	9.785637				0.000322	0.000729	0.024464	1.000000	-0.000196	0.000223	-0.000058	0.684417	0.002661	-0.003964	0.729074	-0.122419	-0.533203	93.619738	-0.063131	0.997961	0.009306	-0.998004	-0.063114	-0.002137	-0.001545	-0.009422	0.999954
54855	89870084	0.126513	0.312023	9.814372				0.000327	0.000789	0.024535	1.000000	-0.000189	0.000225	-0.000069	0.684478	0.002502	-0.003912	0.729019	-0.130627	-0.515875	93.610265	-0.062967	0.997975	0.009004	-0.998014	-0.062949	-0.002280	-0.001708	-0.009129	0.999957
54856	89870109	0.106123	0.388721	9.864735				0.000275	0.000980	0.024661	1.000000	-0.000175	0.000194	-0.000057	0.684521	0.002240	-0.003907	0.728979	-0.150668	-0.493631	93.603697	-0.062852	0.997985	0.008615	-0.998020	-0.062832	-0.002630	-0.002083	-0.008764	0.999959
54857	89870134	0.074897	0.433034	9.917875	0.389346	-0.028124	-0.933512	0.000198	0.001091	0.024794	1.000000	-0.000172	0.000214	-0.000081	0.684581	0.001967	-0.003885	0.728924	-0.170250	-0.469085	93.594390	-0.062690	0.997999	0.008187	-0.998030	-0.062668	-0.002971	-0.002452	-0.008357	0.999962
54858	89870159	0.057501	0.477191	9.982090				0.000154	0.001203	0.024955	1.000000	-0.000192	0.000202	-0.000089	0.684647	0.001689	-0.003886	0.728863	-0.192114	-0.445930	93.584150	-0.062512	0.998013	0.007783	-0.998040	-0.062488	-0.003353	-0.002860	-0.007977	0.999964
54859	89870184	0.080305	0.532039	10.047915				0.000212	0.001338	0.025119	1.000000	-0.000155	0.000213	-0.000061	0.684663	0.001435	-0.003832	0.728848	-0.207493	-0.420470	93.581576	-0.062468	0.998020	0.007339	-0.998042	-0.062442	-0.003621	-0.003156	-0.007550	0.999966
54860	89870209	0.095881	0.573054	10.065723				0.000251	0.001440	0.025164	1.000000	-0.000141	0.000215	-0.000054	0.684704	0.001182	-0.003787	0.728810	-0.223575	-0.395816	93.575269	-0.062358	0.998030	0.006908	-0.998048	-0.062332	-0.003902	-0.003464	-0.007138	0.999968
54861	89870234	0.126256	0.590311	10.133072	0.391773	-0.028653	-0.932523	0.000326	0.001481	0.025332	1.000000	-0.000113	0.000211	-0.000020	0.684719	0.000951	-0.003725	0.728797	-0.236470	-0.371630	93.572917	-0.062317	0.998035	0.006486	-0.998049	-0.062291	-0.004127	-0.003715	-0.006731	0.999970
54862	89870259	0.135322	0.608408	10.194787				0.000347	0.001526	0.025487	1.000000	-0.000091	0.000170	0.000006	0.684715	0.000764	-0.003675	0.728800	-0.246951	-0.352132	93.573546	-0.062328	0.998036	0.006146	-0.998047	-0.062302	-0.004310	-0.003919	-0.006402	0.999971
54863	89870284	0.165857	0.637701	10.237402				0.000422	0.001597	0.025593	1.000000	-0.000055	0.000150	0.000015	0.684769	0.000551	-0.003653	0.728751	-0.261817	-0.332592	93.565153	-0.062182	0.998048	0.005805	-0.998056	-0.062156	-0.004569	-0.004200	-0.006078	0.999973
54864	89870309	0.178339	0.632662	10.237491				0.000453	0.001584	0.025593	1.000000	-0.000041	0.000138	0.000034	0.684745	0.000421	-0.003588	0.728774	-0.266571	-0.316733	93.568977	-0.062249	0.998045	0.005528	-0.998051	-0.062223	-0.004652	-0.004299	-0.005807	0.999973
54865	89870334	0.148648	0.609647	10.270264	0.393112	-0.026718	-0.934449	0.000378	0.001525	0.025676	1.000000	-0.000021	0.000127	0.000068	0.684696	0.000315	-0.003516	0.728820	-0.268966	-0.302172	93.576657	-0.062383	0.998038	0.005274	-0.998042	-0.062358	-0.004694	-0.004356	-0.005556	0.999975
54866	89870359	0.153050	0.592618	10.284039				0.000388	0.001481	0.025710	1.000000	0.000014	0.000119	0.000097	0.684626	0.000237	-0.003424	0.728887	-0.267400	-0.288448	93.587706	-0.062575	0.998027	0.005034	-0.998030	-0.062552	-0.004667	-0.004343	-0.005316	0.999976
54867	89870384	0.152864	0.536428	10.281458				0.000387	0.001338	0.025704	1.000000	0.000053	0.000098	0.000128	0.684593	0.000118	-0.003351	0.728918	-0.270657	-0.272676	93.592850	-0.062665	0.998023	0.004759	-0.998025	-0.062643	-0.004724	-0.004416	-0.005046	0.999977
54868	89870409	0.151486	0.489359	10.250022				0.000381	0.001220	0.025625	1.000000	0.000073	0.000051	0.000133	0.684496	0.000130	-0.003263	0.729009	-0.262378	-0.266818	93.608065	-0.062930	0.998007	0.004657	-0.998008	-0.062909	-0.004579	-0.004277	-0.004936	0.999978
54869	89870434	0.199427	0.391822	10.227357	0.393092	-0.027215	-0.935450	0.000501	0.000975	0.025569	1.000000	0.000084	0.000046	0.000165	0.684376	0.000154	-0.003170	0.729122	-0.252784	-0.261480	93.626940	-0.063259	0.997986	0.004564	-0.997988	-0.063239	-0.004412	-0.004114	-0.004834	0.999979
54870	89870459	0.239929	0.317376	10.205929				0.000603	0.000787	0.025515	1.000000	0.000123	0.000061	0.000201	0.684229	0.000193	-0.003039	0.729260	-0.238767	-0.254423	93.649951	-0.063659	0.997961	0.004441	-0.997964	-0.063641	-0.004167	-0.003876	-0.004697	0.999981
54871	89870484	0.194218	0.219704	10.205932				0.000488	0.000543	0.025515	1.000000	0.000135	0.000048	0.000208	0.684148	0.000158	-0.002937	0.729337	-0.233049	-0.243435	93.662695	-0.063882	0.997948	0.004249	-0.997950	-0.063864	-0.004067	-0.003788	-0.004500	0.999982
54872	89870509	0.148428	0.136798	10.194913				0.000373	0.000335	0.025487	1.000000	0.000134	0.000034	0.000227	0.683983	0.000224	-0.002816	0.729492	-0.217774	-0.239441	93.688676	-0.064334	0.997919	0.004179	-0.997922	-0.064318	-0.003801	-0.003524	-0.004415	0.999984
54873	89870534	0.109755	0.051197	10.137323	0.391276	-0.029142	-0.933526	0.000275	0.000120	0.025343	1.000000	0.000151	0.000007	0.000221	0.683822	0.000322	-0.002701	0.729644	-0.200543	-0.238580	93.714004	-0.064775	0.997891	0.004164	-0.997894	-0.064761	-0.003500	-0.003223	-0.004382	0.999985
54874	89870559	0.088521	-0.049913	10.105975				0.000222	-0.000135	0.025265	1.000000	0.000195	0.000004	0.000185	0.683687	0.000452	-0.002556	0.729771	-0.178311	-0.238054	93.735193	-0.065144	0.997867	0.004155	-0.997871	-0.065131	-0.003112	-0.002835	-0.004349	0.999986
54875	89870584	0.091911	-0.132567	10.041810				0.000229	-0.000340	0.025104	1.000000	0.000172	-0.000015	0.000210	0.683516	0.000515	-0.002444	0.729931	-0.164098	-0.234523	93.761968	-0.065611	0.997837	0.004093	-0.997842	-0.065599	-0.002864	-0.002589	-0.004272	0.999987
54876	89870609	0.115441	-0.208968	9.981880				0.000287	-0.000532	0.024955	1.000000	0.000195	-0.000028	0.000201	0.683369	0.000668	-0.002321	0.730068	-0.141829	-0.237645	93.784965	-0.066011	0.997810	0.004148	-0.997816	-0.066001	-0.002475	-0.002196	-0.004302	0.999988
54877	89870634	0.051782	-0.280457	9.950134	0.391810	-0.030623	-0.932569	0.000128	-0.000710	0.024875	1.000000	0.000169	-0.000026	0.000202	0.683222	0.000802	-0.002215	0.730207	-0.122511	-0.240533	93.808152	-0.066415	0.997783	0.004198	-0.997790	-0.066406	-0.002138	-0.001855	-0.004331	0.999988
54878	89870659	0.034004	-0.345577	9.920059				0.000084	-0.000872	0.024800	1.000000	0.000164	-0.000017	0.000169	0.683098	0.000926	-0.002107	0.730323	-0.103838	-0.242446	93.827527	-0.066752	0.997760	0.004231	-0.997768	-0.066745	-0.001812	-0.001526	-0.004343	0.999989
54879	89870684	0.006608	-0.414836	9.909124				0.000016	-0.001045	0.024772	1.000000	0.000160	-0.000020	0.000177	0.682951	0.001081	-0.001956	0.730460	-0.079139	-0.243627	93.850476	-0.067152	0.997733	0.004252	-0.997742	-0.067147	-0.001381	-0.001093	-0.004335	0.999990
54880	89870709	-0.017395	-0.454701	9.909086				-0.000043	-0.001143	0.024772	1.000000	0.000122	0.000012	0.000126	0.682859	0.001156	-0.001859	0.730547	-0.065206	-0.242259	93.864931	-0.067404	0.997717	0.004228	-0.997725	-0.067399	-0.001138	-0.000850	-0.004295	0.999990
54881	89870734	-0.069850	-0.494814	9.922555	0.393214	-0.030652	-0.933552	-0.000173	-0.001242	0.024806	1.000000	0.000103	0.000029	0.000109	0.682779	0.001205	-0.001764	0.730621	-0.053439	-0.238917	93.877454	-0.067622	0.997702	0.004170	-0.997711	-0.067618	-0.000933	-0.000649	-0.004223	0.999991
54882	89870759	-0.073594	-0.505804	9.939022				-0.000183	-0.001268	0.024847	1.000000	0.000073	0.000011	0.000053	0.682740	0.001247	-0.001703	0.730658	-0.045082	-0.237643	93.883574	-0.067728	0.997695	0.004148	-0.997703	-0.067726	-0.000787	-0.000504	-0.004191	0.999991
54883	89870784	-0.076937	-0.490845	9.959529				-0.000191	-0.001231	0.024899	1.000000	0.000086	0.000024	0.000055	0.682610	0.001396	-0.001567	0.730780	-0.022069	-0.239450	93.903989	-0.068084	0.997671	0.004179	-0.997680	-0.068083	-0.000385	-0.000100	-0.004196	0.999991
